#File parameters for this input file: Emax = 150.0, alpha_q = 1.7, Clumping factor = 3.0, Simple linear history (1) or QSO history (0) = linear
#Units of heating rate (3rd column) are erg/s/cm^3 
1.700000 
150.000000 
6.000000e+00 0.000000e+00 0.000000e+00 
5.953987e+00 0.000000e+00 0.000000e+00 
5.908327e+00 0.000000e+00 0.000000e+00 
5.863017e+00 0.000000e+00 0.000000e+00 
5.818055e+00 0.000000e+00 0.000000e+00 
5.773437e+00 0.000000e+00 0.000000e+00 
5.729161e+00 0.000000e+00 0.000000e+00 
5.685225e+00 0.000000e+00 0.000000e+00 
5.641626e+00 0.000000e+00 0.000000e+00 
5.598362e+00 0.000000e+00 0.000000e+00 
5.555429e+00 0.000000e+00 0.000000e+00 
5.512825e+00 0.000000e+00 0.000000e+00 
5.470548e+00 0.000000e+00 0.000000e+00 
5.428596e+00 0.000000e+00 0.000000e+00 
5.386965e+00 0.000000e+00 0.000000e+00 
5.345653e+00 0.000000e+00 0.000000e+00 
5.304658e+00 0.000000e+00 0.000000e+00 
5.263978e+00 0.000000e+00 0.000000e+00 
5.223609e+00 0.000000e+00 0.000000e+00 
5.183550e+00 0.000000e+00 0.000000e+00 
5.143798e+00 0.000000e+00 0.000000e+00 
5.104351e+00 0.000000e+00 0.000000e+00 
5.065207e+00 0.000000e+00 0.000000e+00 
5.026363e+00 0.000000e+00 0.000000e+00 
4.987817e+00 0.000000e+00 0.000000e+00 
4.949566e+00 0.000000e+00 0.000000e+00 
4.911608e+00 0.000000e+00 0.000000e+00 
4.873942e+00 0.000000e+00 0.000000e+00 
4.836565e+00 0.000000e+00 0.000000e+00 
4.799474e+00 0.000000e+00 0.000000e+00 
4.762668e+00 0.000000e+00 0.000000e+00 
4.726144e+00 0.000000e+00 0.000000e+00 
4.689900e+00 0.000000e+00 0.000000e+00 
4.653934e+00 0.000000e+00 0.000000e+00 
4.618243e+00 0.000000e+00 0.000000e+00 
4.582827e+00 0.000000e+00 0.000000e+00 
4.547682e+00 0.000000e+00 0.000000e+00 
4.512807e+00 0.000000e+00 0.000000e+00 
4.478199e+00 0.000000e+00 0.000000e+00 
4.443856e+00 0.000000e+00 0.000000e+00 
4.409777e+00 0.000000e+00 0.000000e+00 
4.375959e+00 0.000000e+00 0.000000e+00 
4.342401e+00 0.000000e+00 0.000000e+00 
4.309099e+00 0.000000e+00 0.000000e+00 
4.276054e+00 0.000000e+00 0.000000e+00 
4.243261e+00 0.000000e+00 0.000000e+00 
4.210721e+00 0.000000e+00 0.000000e+00 
4.178429e+00 0.000000e+00 0.000000e+00 
4.146386e+00 0.000000e+00 0.000000e+00 
4.114588e+00 0.000000e+00 0.000000e+00 
4.083034e+00 0.000000e+00 0.000000e+00 
4.051722e+00 0.000000e+00 0.000000e+00 
4.020650e+00 0.000000e+00 0.000000e+00 
3.989816e+00 8.486722e-03 0.000000e+00 
3.959219e+00 3.398440e-02 2.569718e-33 
3.928856e+00 5.928654e-02 3.253796e-33 
3.898726e+00 8.439464e-02 3.646035e-33 
3.868828e+00 1.093102e-01 3.905873e-33 
3.839158e+00 1.340347e-01 4.092840e-33 
3.809717e+00 1.585695e-01 4.234608e-33 
3.780500e+00 1.829163e-01 4.346080e-33 
3.751508e+00 2.070763e-01 4.436146e-33 
3.722739e+00 2.310510e-01 4.510516e-33 
3.694190e+00 2.548419e-01 4.573072e-33 
3.665860e+00 2.784503e-01 4.626571e-33 
3.637747e+00 3.018776e-01 4.673042e-33 
3.609850e+00 3.251254e-01 4.714032e-33 
3.582166e+00 3.481948e-01 4.750735e-33 
3.554695e+00 3.710873e-01 4.784145e-33 
3.527435e+00 3.938043e-01 4.815021e-33 
3.500384e+00 4.163470e-01 4.844031e-33 
3.473540e+00 4.387169e-01 4.871737e-33 
3.446902e+00 4.609152e-01 4.898623e-33 
3.420468e+00 4.829433e-01 4.925121e-33 
3.394237e+00 5.048024e-01 4.951617e-33 
3.368207e+00 5.264939e-01 4.978466e-33 
3.342377e+00 5.480191e-01 5.005999e-33 
3.316745e+00 5.693792e-01 5.034532e-33 
3.291309e+00 5.905755e-01 5.064366e-33 
3.266069e+00 6.116092e-01 5.095799e-33 
3.241022e+00 6.324816e-01 5.129126e-33 
3.216167e+00 6.531940e-01 5.164646e-33 
3.191503e+00 6.737475e-01 5.202664e-33 
3.167028e+00 6.941434e-01 5.243494e-33 
3.142740e+00 7.143829e-01 5.287420e-33 
3.118639e+00 7.344672e-01 5.334922e-33 
3.094723e+00 7.543975e-01 5.386236e-33 
3.070990e+00 7.741749e-01 5.441801e-33 
3.047439e+00 7.938006e-01 5.502042e-33 
3.024069e+00 8.132759e-01 5.567421e-33 
3.000878e+00 8.326018e-01 5.638442e-33 
2.977865e+00 8.517794e-01 5.715659e-33 
2.955028e+00 8.708100e-01 5.799677e-33 
2.932366e+00 8.896947e-01 5.891170e-33 
2.909879e+00 9.084346e-01 5.990884e-33 
2.887563e+00 9.270307e-01 6.099647e-33 
2.865419e+00 9.454842e-01 6.218386e-33 
2.843445e+00 9.637962e-01 6.348140e-33 
2.821639e+00 9.819678e-01 6.490074e-33 
2.800000e+00 1.000000e+00 6.645499e-33 
